1.7695291284901842
1.7695291284901842
1.9269295200817969
2.0322493191286757
2.047918646196904
2.048883461099161
2.0742259485428858
2.085510973498028
2.12184949346494
2.155069205517253
2.1650807981191313
2.1769180257444227
2.1902302314890285
2.210004589667368
2.220507065598508
2.223580465073475
2.229806125313206
2.2313538552796395
2.24773844685338
2.265846589398945
2.2765577180192027
2.3023848547170767
2.3109886748760085
2.313451374843265
2.316710172372613
2.3207123502982285
2.3258400223578133
2.3476041552562275
2.3478496929955366
2.357139092368389
2.3617126874790575
2.367613732674071
2.3927053568764354
2.3990175113570813
2.4005390388759564
2.4107004678139514
2.415809070181062
2.4175556801775704
2.4264150788879073
2.427544091720726
2.447159341039688
2.4515332242445176
2.459045393613811
2.467926548016592
2.4802252941292164
2.4826420225656722
2.4826420225656722
2.4827460074466403
2.4834616699842478
2.4863721777508636
2.487365353377668
2.489483515800021
2.4973178024144422
2.497421676319196
2.5088730641734847
2.5237899197401266
2.5285741174266385
2.529084360413787
2.5343117429217084
2.5364931957244226
2.542385233409418
2.546631135393767
2.548019352657902
2.55113904350688
2.559664308148645
2.561298648743682
2.564365793903833
2.568479136791736
2.5714096429255355
2.577082644528169
2.58673085347892
2.5877273572834936
2.5895615398536638
2.5923196606950034
2.5950916775447355
2.5953754229245383
2.6091269820609395
2.6091269820609395
2.622930513626959
2.625368157708641
2.627646203911298
2.6347758136019133
2.63710030279928
2.638471458613705
2.6398826612141884
2.6444475420757105
2.650498021002107
2.6508805600746754
2.6553276025929793
2.657931195662813
2.661964591083026
2.6655858793453855
2.6661620337165894
2.6683359706465954
2.67393435189844
2.6778375612798073
2.6789698994821523
2.6837531979246734
2.6900780773217146
2.6946764142491464
2.6946764142491464
2.696626092222178
2.70004239255987
2.7005995673397676
2.7038334939473514
2.7052882857886247
2.7110590038725433
2.7154793439946276
2.717698320321026
2.7259191397679055
2.727944118332011
2.7293021561023756
2.729615235652741
2.7335186660828406
2.7347999857734036
2.7369318285435864
2.737666273285498
2.7381799158163265
2.738713254004173
2.7442762475448466
2.7448484919254685
2.7474184155803747
2.7484315471451786
2.748586289244618
2.7489997940611715
2.7508078519378873
2.7528553815675743
2.7528553815675743
2.7533779543706918
2.755705104696928
2.7590067831303116
2.7594941330525136
2.765658220184998
2.7683082208896876
2.771100961144271
2.773469038771692
2.773469038771692
2.773469038771692
2.7751974527156085
2.775710874486049
2.777365903572094
2.7784509441410985
2.7819422377053313
2.7869541261082222
2.794999638584744
2.7960849657318247
2.7982285930204447
2.798941188029579
2.801878630579042
2.8028921855863467
2.8037236892275588
2.806307374306546
2.806307374306546
2.808022914893283
2.808397525020052
2.8119172613425496
2.8155180005335985
2.8169091509138764
2.8172327077410846
2.8177273410712416
2.819974227075997
2.820431386179106
2.823459077838831
2.826876729780191
2.8282982315260337
2.828864465867988
2.8306443837841706
2.8306443837841706
2.831535922000916
2.8345176008177737
2.8391201937047947
2.8395331958546115
2.840116437217389
2.8426557441515667
2.843289622408616
2.8462430519618396
2.846560801338872
2.8468121028631623
2.846980311036561
2.8511092978444115
2.852386164238317
2.854645217009968
2.8552177802956327
2.8584735856318444
2.8626849711810256
2.8626849711810256
2.8634925917855214
2.8645435187902066
2.8647985714033766
2.865810771942997
2.8700891709554095
2.8716436089797917
2.876979827927378
2.8783244376962718
2.878653764329179
2.8839433280948947
2.884147770112402
2.884147770112402
2.884147770112402
2.8895295243696877
2.890227127571385
2.8917041194635096
2.893238619379159
2.893238619379159
2.893948107413563
2.894003408568093
2.897752838312042
2.899898922966374
2.9013898463139327
2.9038884074111264
2.9038884074111264
2.9047907876913284
2.9047907876913284
2.9067895917540425
2.9080714699298587
2.908710447988676
2.9091538291142056
2.910396049107082
2.911849922387564
2.912289828013195
2.9146604124646514
2.9161749508751917
2.9161749508751917
2.9187285615570424
2.9188380893439287
2.9198744322508015
2.920097343619003
2.9235377773228857
2.9270859336114547
2.928030532645972
2.928367214822299
2.929263282644112
2.929951735340269
2.930382050064239
2.9327053687757907
2.933354413401902
2.933559187859805
2.935684660132841
2.9359308210149124
2.9367284265966194
2.9370790696507107
2.938422418220582
2.9387075262117213
2.9399554062162245
2.9404179594826854
2.940481235530282
2.941557816462535
2.942531082903143
2.9432057064731536
2.943400556115494
2.9438672406290056
2.944467033208189
2.944467033208189
2.944882407056794
2.944882407056794
2.94584067976081
2.947165561483595
2.947286923496165
2.9476022391125283
2.9519308149309023
2.952019355765713
2.9538334146481438
2.9553540781277547
2.955850428176878
2.9569773273807103
2.9574060130691273
2.9622282210109487
2.9622346381233595
2.9622346381233595
2.9626651844749583
2.9631550448360935
2.9635707329969634
2.964709226934437
2.9658171535452613
2.9688395845815654
2.9713003679488517
2.9734151233971873
2.9741475722555943
2.975040539935531
2.975648724384168
2.975648724384168
2.9772655252730726
2.977478905605734
2.9797116118510734
2.980254128964578
2.981107357022298
2.9836823499479284
2.984125518445436
2.984370729578726
2.984370729578726
2.9868386696306657
2.9871845429419914
2.987251908771918
2.987390149265686
2.9891434877462393
2.9891434877462393
2.990854745699616
2.9930510088569573
2.993908515091268
2.993908515091268
2.993908515091268
2.994515288706221
2.9998954048476705
3.0006205140645203
3.0008608418749123
3.0008608418749123
3.0013004762135824
3.001401697296794
3.001401697296794
3.0015770714549235
3.0015770714549235
3.00268209306429
3.0032769313888528
3.0032769313888528
3.0032769313888528
3.0037284592776947
3.0055837446945906
3.0075973075092435
3.0076235756906784
3.0076235756906784
3.0079533694352487
3.0091410297694994
3.0091410297694994
3.0095266526388587
3.0107598103181656
3.012000997625474
3.0122092834854812
3.012399338841204
3.0129362332887766
3.0136468381002226
3.0145705034961385
3.0164999862945736
3.0164999862945736
3.0165068834557887
3.017519742681494
3.018133036754938
3.0183631599163765
3.0221436370906436
3.0236686936287485
3.023807571139233
3.025111452359485
3.025438149654311
3.026278780013168
3.0264471035475986
3.0264471035475986
3.03184579425695
3.0323616054408498
3.035171347233381
3.0357970665164182
3.036173034677089
3.036173034677089
3.036494193479148
3.036963877817479
3.036963877817479
3.0370665652074003
3.0370665652074003
3.0370665652074003
3.0380014905825816
3.0394846877508517
3.0417252820965524
3.0417252820965524
3.042343787537874
3.043345728119557
3.0441561406008293
3.0450674443395194
3.04611243010448
3.046573417752624
3.047072549379528
3.0477030053528176
3.048710532065421
3.049219280067614
3.049356294792763
3.0500766927076066
3.0519209653424513
3.0523786595182663
3.0523786595182663
3.0563078213870285
3.0564404000673684
3.0566835859963972
3.060436461114769
3.060436461114769
3.060436461114769
3.060436461114769
3.060436461114769
3.0612551354229813
3.0629457283525516
3.063523240278678
3.0643756705692
3.0643756705692
3.064536538864165
3.0645479742973256
3.06489648304968
3.0703961934293624
3.071892040874654
3.072128721510019
3.0750441617255158
3.075586498748701
3.076291797759225
3.08233668422234
3.08233668422234
3.08233668422234
3.0844486178763044
3.0848850183917
3.086322589191771
3.086322589191771
3.090886511985712
3.0914472239062305
3.0929817165031386
3.0930012942702505
3.0931484269998473
3.0938612346612766
3.0940175250924473
3.0947715939135603
3.0950067870508478
3.096105050581598
3.0967956437977184
3.0967956437977184
3.096884208594976
3.0985226797385317
3.0993242290612257
3.0997375762324486
3.099787379768549
3.0998414399979755
3.0998800003665536
3.100843318438587
3.1012651410870413
3.1030883732443133
3.1033840520076628
3.104112183418554
3.1075522347835918
3.110421726594064
3.1106246875170083
3.110756734435857
3.110984754601223
3.111017284609223
3.1114882644669732
3.111539581811864
3.112027982229911
3.113191853521938
3.1132778532822383
3.1145530717713936
3.1155063835305024
3.1164503701459894
3.11841385949363
3.1187483913281913
3.1194204462834847
3.1211630563005346
3.1212733360957143
3.1223208593887155
3.1223208593887155
3.1238008713800953
3.124238275084305
3.125752367718009
3.126142630480017
3.126142630480017
3.126142630480017
3.126142630480017
3.1277158938483094
3.12895092013645
3.129350739359643
3.1296314151143663
3.1296314151143663
3.1300586273247366
3.1320764698593724
3.1342970322329786
3.1345130121938616
3.1357077479037794
3.135892751941774
3.1367376964771743
3.1377434023244843
3.1377434023244843
3.1377434023244843
3.1383789272333655
3.1395334244480484
3.1396010174530797
3.139848403307506
3.139848403307506
3.14003672675405
3.140487864899965
3.142012131217022
3.142012131217022
3.1426538304662213
3.1433372492975087
3.1442393317387687
3.1442393317387687
3.146561791720241
3.148180629825104
3.148180629825104
3.1495959644004863
3.1505761566741675
3.1519239071093015
3.1533942083345323
3.153588527228193
3.154219891192196
3.1545741235256157
3.156056745724912
3.1575472101812103
3.157759852097047
3.158973481764021
3.159848195912882
3.159848195912882
3.1607667392472942
3.1612421309380436
3.1633655720975424
3.165944997348858
3.167502029100905
3.168570045476794
3.169167250383508
3.1714485458309305
3.171663221252714
3.1747492158723567
3.1747492158723567
3.174796472842806
3.176342853329601
3.177593977038909
3.178475465696648
3.1792736132643995
3.179544551057606
3.179678093944769
3.1828859190007286
3.1828859190007286
3.183802285046739
3.1841043564547156
3.1841043564547156
3.1853056641721875
3.1859742720424564
3.186272685326693
3.1875053298002753
3.1875053298002753
3.190678691600355
3.1913474432971514
3.191873881579873
3.191873881579873
3.192238189116488
3.1937186566741342
3.1937186566741342
3.1958283758764017
3.1965006117879042
3.1972652346418364
3.19918348400942
3.19918348400942
3.19918348400942
3.2001011860404063
3.2001757940221336
3.2008307817397874
3.201006381582618
3.2022260511002307
3.2029152894268997
3.2035166741826413
3.203891419023555
3.203892254666389
3.204555208969431
3.20553265342615
3.205538227179858
3.205538227179858
3.205541927846931
3.206600147957112
3.209284195630391
3.2111286152940006
3.211562805420526
3.2122420971378207
3.2122707819220113
3.213451910646817
3.213744323644398
3.2138742216933527
3.21538030278233
3.2164122052508524
3.216575823916967
3.216680487331464
3.216884669665424
3.2174138688190848
3.21925126768538
3.21925126768538
3.219431735636286
3.2215798364440578
3.221622646725347
3.2219730355105387
3.222613215513075
3.2243405195443753
3.224756335565132
3.225847174904531
3.2259292273373292
3.2260867800426607
3.2283810893864833
3.228994830756949
3.230005174836401
3.2332606565246884
3.23371600616928
3.2342661687616774
3.2350430866604247
3.2357081172086484
3.2371058122124206
3.2373526619471704
3.2377586681502692
3.238883924040184
3.239191812801723
3.239273054154086
3.2402056114737845
3.2402349599042664
3.2403435259903843
3.2414452291678284
3.242314157418154
3.244415153839286
3.244415153839286
3.244977011726367
3.2450474857977323
3.245281194716762
3.2453242095352337
3.2456009296311277
3.245675951827149
3.245675951827149
3.245943168247123
3.246437913222333
3.2467925188570206
3.2482846180416884
3.2486279681176367
3.2486730676849023
3.2493400687154796
3.2504740658088673
3.2510138340669488
3.2510138340669488
3.253075280827977
3.253084516142201
3.256033596651283
3.2562150482121415
3.256304543006364
3.2563386154093186
3.25646548581803
3.256713279816689
3.260313276375972
3.2606600006828255
3.260795669370714
3.2608415930855976
3.2609414745302994
3.2609414745302994
3.261034272654322
3.2613019052265777
3.2636321859794997
3.2636321859794997
3.2636321859794997
3.2636827312247965
3.2636827312247965
3.2639259139788344
3.264301177655659
3.2645518090603574
3.2668554863628705
3.268668142135261
3.268668142135261
3.2689463740804916
3.2689463740804916
3.270800920162983
3.2710862189054444
3.2713824292656066
3.2716151160491584
3.2720547757616956
3.2722009722833114
3.272412149247197
3.272874356303456
3.2730478260684275
3.273449769555237
3.275790330677233
3.2766086039905513
3.2770685895023752
3.277182148178402
3.2774980353485916
3.2776509112340517
3.2778702405554365
3.2778702405554365
3.2782518704230696
3.278892713918355
3.278893122307056
3.278951020761718
3.279249207739394
3.2800160234631908
3.2809833015868963
3.2809833015868963
3.2816126468591134
3.2821820831453636
3.285883270849413
3.285967281420349
3.2866990848058055
3.2891729204843148
3.290200703886244
3.2904975398467657
3.2904975398467657
3.2918236137787162
3.2923668585726467
3.2948169874175264
3.295570909492861
3.29591976623126
3.2975843862709606
3.2975843862709606
3.2975843862709606
3.2977725484723845
3.29801010045535
3.3002470855676225
3.300777060723359
3.3011559659876095
3.3019018190337235
3.3022675721633474
3.302595164176085
3.3029661210177235
3.303410287494447
3.3040420586771884
3.304282092388492
3.3046105150680654
3.3046105150680654
3.3046313529243383
3.306311422746162
3.306311422746162
3.307449554612046
3.307449554612046
3.307449554612046
3.307449554612046
3.3092563373496184
3.3097844369348826
3.31189667847397
3.3139801237578075
3.3142044902612833
3.3148167740030394
3.3148167740030394
3.3150128197986914
3.3150128197986914
3.3150128197986914
3.3150128197986914
3.316414489376837
3.3172259863296585
3.3174457649472258
3.318003396890508
3.318497664261697
3.318497664261697
3.3186458018127634
3.319437503439462
3.319734151952308
3.320589693514407
3.3216198310293827
3.323494810301755
3.3248389722699545
3.326451834780093
3.3286622649865256
3.3302889393353428
3.3306201945182403
3.3309705887536127
3.3311877470882667
3.331249188275002
3.3314545756590763
3.332233901827666
3.3325405930585177
3.3334081981230383
3.334194488705728
3.3347432741392984
3.3347432741392984
3.3347432741392984
3.335240618608606
3.3355374455325397
3.3360842471385266
3.33717114322543
3.3382277086904777
3.339215189703828
3.339215189703828
3.33964081711092
3.340139301516088
3.3409345467719325
3.3409345467719325
3.341101057791591
3.341101057791591
3.3411712823022843
3.34250038776264
3.343209962875871
3.3437396706556224
3.344070787045178
3.3444454871773934
3.344574301786717
3.3464256115947917
3.3465874391318864
3.34681547579636
3.3481209811656885
3.3481209811656885
3.348310333618594
3.348378880710527
3.348378880710527
3.348378880710527
3.3486185717553205
3.3487294942044605
3.3497487950922022
3.3497487950922022
3.350723355229646
3.352224140925436
3.352224140925436
3.353092312157444
3.353092312157444
3.353092312157444
3.353092312157444
3.353290080864115
3.3538403937163928
3.3552343493595562
3.355683292541709
3.357125306435893
3.3575138052454827
3.357657958879277
3.3584169054653428
3.3584169054653428
3.360561251077488
3.361170259278239
3.361565083138598
3.361565083138598
3.362361114651985
3.3635465581146216
3.364300965166275
3.3667253704287234
3.3667253704287234
3.3669122320914955
3.366983288954115
3.3688126435389165
3.3692914730810832
3.3692914730810832
3.3692914730810832
3.3692914730810832
3.3694254727070727
3.369826181832589
3.370598783579124
3.3712818602667913
3.3737339634322794
3.374018421960803
3.3753037687614116
3.375603189516232
3.3756451696461234
3.3756451696461234
3.3756451696461234
3.3756451696461234
3.3758616298724036
3.37619820287681
3.37619820287681
3.3775003115040025
3.377985693401808
3.3786017730139375
3.379948144587037
3.3800488573101664
3.3801885256844013
3.381221673645878
3.3817393430673057
3.382131074870307
3.3827324863808697
3.384143516372752
3.384143516372752
3.3851415344095894
3.3851415344095894
3.3863976034265564
3.387300833083884
3.3876075331306477
3.3876075331306477
3.3879708314039787
3.388131828484349
3.388131828484349
3.388651992205185
3.3903973123856384
3.3906269966355307
3.3909314179555516
3.394724213553401
3.39539633575279
3.3969727349720755
3.3978419667176047
3.3982095663373215
3.3988832604454227
3.3993128782667026
3.3999271707469125
3.399959034767045
3.40046126677233
3.401093353164286
3.401093353164286
3.401093353164286
3.401093353164286
3.4025123780091455
3.402800233307351
3.402969969546296
3.4030304906258895
3.403165967418421
3.403165967418421
3.403165967418421
3.4050016770603992
3.4063673688831293
3.4063673688831293
3.407003188339341
3.4071287445772724
3.407555451632373
3.407619011240756
3.4086289532136522
3.4087700146816737
3.412509375581404
3.4131527152222167
3.413731099306396
3.413731099306396
3.416040914228945
3.4160742845929635
3.417266291334181
3.4186182462272066
3.4188028241370665
3.4190092116697532
3.4196842511660623
3.4196842511660623
3.4196842511660623
3.4200534371947136
3.4202129757679676
3.4202633884872413
3.4202633884872413
3.421366550086913
3.42141524631913
3.422683893331588
3.423113500094671
3.4245772689031115
3.424751985223866
3.424950147951623
3.425497257224678
3.4275572472334863
3.427862926816299
3.428016513651782
3.4282590744119563
3.430227423193791
3.431364147374558
3.431792600326565
3.431963184334431
3.4321595251628847
3.4324688246027666
3.4332889046193613
3.433296777874049
3.4338324290953923
3.4343745945956115
3.43490371119425
3.4354458621536073
3.4380254295115993
3.438079729356789
3.438523771094745
3.438523771094745
3.438604625165018
3.438617886427421
3.439403323601423
3.43995277911658
3.43995277911658
3.440753786564946
3.4441121745751864
3.4443989195502365
3.4462725785064685
3.446842695622976
3.446939662694729
3.4470892263310775
3.4470892263310775
3.4475269079327533
3.448367703612517
3.4497867534019986
3.4498548904230346
3.4500828293028656
3.4511883324264585
3.4511883324264585
3.4511883324264585
3.4511883324264585
3.4517532340788573
3.4522797388984126
3.45389535408197
3.4539720292756044
3.4549413836117364
3.4551320746784024
3.4551320746784024
3.455385594482128
3.455385594482128
3.456388122706306
3.4585542796532533
3.4589353588063942
3.460714465311258
3.460714465311258
3.4607264118997856
3.460825540778964
3.4613663085155224
3.462470230893281
3.463795247286667
3.463921770446309
3.463921770446309
3.464977674784257
3.465130724139495
3.4651821406926033
3.466161896312147
3.4664232697068607
3.466759249077215
3.471136195775582
3.471136195775582
3.4718259112567558
3.4721084060613996
3.472442768721315
3.4730381511811896
3.4730381511811896
3.4737228441064905
3.4743061746129897
3.474342548123488
3.4758100467406328
3.477186469460681
3.478251605256618
3.4784615009815534
3.4794427428818397
3.4795894639228004
3.479724673677995
3.4818048779562734
3.4819711065732393
3.482193637306507
3.4823966115814984
3.483510977387822
3.483510977387822
3.4839256227452835
3.4845372568000963
3.486484377547447
3.4889476255138057
3.4893873091272516
3.4898334907358235
3.4898334907358235
3.49168883740602
3.4924436344515954
3.4936922511261925
3.4937641385762572
3.494986962920416
3.495428688939415
3.4973212588700315
3.49796083340734
3.498319703590749
3.4984256799792313
3.4984256799792313
3.4984256799792313
3.4984256799792313
3.4984256799792313
3.4984256799792313
3.4999990012323194
3.500340694836045
3.500730126457766
3.5007776646675417
3.5011454438410086
3.501716543110966
3.5042261550887774
3.5048096390575676
3.506286476754345
3.5066469401880602
3.5066494726333888
3.5069725470768476
3.5073959615448285
3.5076090245071323
3.507953631616845
3.509071221223581
3.5100932447586697
3.5109660352488548
3.5109660352488548
3.5109660352488548
3.5109660352488548
3.5111130143560603
3.5120920117522267
3.512144277681352
3.512144277681352
3.5140103163797023
3.517021365658943
3.517021365658943
3.5170677801331194
3.518234578841826
3.5183504175953715
3.5194389707601568
3.5206613282050214
3.520899075102542
3.5213721386015386
3.5216073878762764
3.5220888650984628
3.5222457451912788
3.5226742386712275
3.5228279389378265
3.523441329826678
3.523782611831051
3.524084647295405
3.524084647295405
3.5244789256965467
3.524591724189015
3.524605371348687
3.5286788685194654
3.530382676981481
3.531744116315668
3.532370784932035
3.532527549579409
3.532527549579409
3.532527549579409
3.532544343418913
3.533553262719359
3.534048569375805
3.5355469567753866
3.5356736485373434
3.537582383448289
3.5380489282480174
3.538688455597305
3.538798149537705
3.5394643459950403
3.5417163667958067
3.5418553116228364
3.541866996173694
3.5421324166536063
3.5422470246614286
3.54258302109606
3.5426614891096655
3.5429907482910723
3.543098082793251
3.543098082793251
3.543287177338421
3.5434724632853323
3.543562450842798
3.5437592243548113
3.544175801792483
3.5447286151766275
3.545997737205269
3.5470252209073125
3.5472460280865024
3.5485464670342366
3.5485464670342366
3.5486496774860994
3.549142210919309
3.5503327193411693
3.5503687648249502
3.5503932433204803
3.5503932433204803
3.550731989605363
3.5508178372301766
3.551594396731802
3.552590545639621
3.5530771471171447
3.5530771471171447
3.5537224456976957
3.5545615983119183
3.554614047680481
3.556676735930513
3.557072572959956
3.5572905683795373
3.557804894643269
3.5581473839645414
3.558553133367775
3.55931919903443
3.5593994599934398
3.5599730472942563
3.5599730472942563
3.5599730472942563
3.5603516878997983
3.560658294591009
3.562157677022559
3.562157677022559
3.562721104849983
3.5627794354438254
3.5629234624377597
3.5630699553033307
3.5631306688272475
3.5635243871942475
3.5640547940533174
3.564576304999581
3.5667469543421095
3.569394905956208
3.569394905956208
3.56984717388146
3.5699427758406834
3.5699427758406834
3.5699876399059014
3.569996170319345
3.5722923358424965
3.57325993462206
3.5733389698764797
3.577462933721896
3.577462933721896
3.5787237985661124
3.579792176469113
3.5808873704407014
3.5809774087523896
3.5812717326274948
3.5812717326274948
3.582425883548133
3.5828607177689884
3.583147256700079
3.583147256700079
3.583147256700079
3.5837107318665127
3.5845281295182625
3.58541975781517
3.58541975781517
3.58541975781517
3.58541975781517
3.5858372493647734
3.5862916780333802
3.5871497456255375
3.5884653767125863
3.5899151310690547
3.5902705340929297
3.5902705340929297
3.5902705340929297
3.5902705340929297
3.592594468411164
3.5933654676257127
3.593944552158409
3.5945596233138306
3.5952427790325725
3.5955246613342875
3.5972034108590845
3.5973576779118024
3.597378944816338
3.5977603343619173
3.5977603343619173
3.5977603343619173
3.5977603343619173
3.597943584570171
3.598061191413818
3.598061191413818
3.59816246474393
3.5982877465875758
3.5984892724870567
3.5991754798000875
3.5999272218017517
3.6005304033656635
3.600570662825655
3.6009105877350405
3.6011888702539876
3.6023876863408155
3.6023876863408155
3.6026936911960843
3.605187124238923
3.6061513443469053
3.6064027976712714
3.6065543103446025
3.607339575487198
3.608097659842336
3.6081601342753857
3.608999833583721
3.6094934202716726
3.6099521965788464
3.6099521965788464
3.610442498371806
3.610442498371806
3.6106628585906306
3.611220617871857
3.6125046959799034
3.613274562035444
3.613274562035444
3.6137370738649146
3.6137746644320976
3.614326487255624
3.615102325879241
3.615878748257407
3.6176601105094175
3.6180423614268467
3.6180423614268467
3.618199610977659
3.618199610977659
3.6184317273903193
3.6194137095023837
3.6204112729298514
3.620881483298993
3.6210275645475964
3.62124372994121
3.6215060862705784
3.622254059258351
3.622554137092116
3.623139287360469
3.6233268161154344
3.6240436727805947
3.6249194172397052
3.6263243265183407
3.6266810419074367
3.629067372886824
3.629090293929061
3.6296883142283796
3.6305646543343
3.6341383130310274
3.634861583319788
3.6352822874420254
3.636194838366876
3.6366524364874997
3.6372036879338276
3.637468620484524
3.637932813187994
3.638385638472745
3.638405266012659
3.638606043609148
3.6423446061035296
3.6439110943408854
3.645041806204169
3.645562462846061
3.64586055453916
3.6459934385005606
3.6459934385005606
3.646421703372403
3.6469888265781134
3.6470998098484886
3.647651998607617
3.6479638927937574
3.648181440574617
3.648181440574617
3.648518314458055
3.648562250957601
3.6487866894047496
3.64893154367657
3.649055794613504
3.6509100399796304
3.651263911312461
3.652401798621824
3.6545791727958457
3.6554754491710897
3.6556197696724073
3.6556197696724073
3.6557636390659316
3.655885334859429
3.6564533245277886
3.6565381266332606
3.65687957350995
3.657340243559823
3.657969908354793
3.657969908354793
3.6581134901438705
3.6584150693417494
3.6584805279233743
3.65874133169585
3.659728084100823
3.661400501274089
3.6617697382872922
3.6627536023095355
3.6638785309685153
3.664205967899817
3.6652372124545898
3.6653293679703025
3.6653293679703025
3.6653835087942195
3.665879481215308
3.665879481215308
3.665918841148972
3.666042723915304
3.666464079945216
3.666555005040527
3.6666547332368125
3.6673902838436687
3.667763635600643
3.667842302227767
3.668399117040515
3.6685319772400016
3.669156043229828
3.669413744750812
3.6705036545942216
3.6705036545942216
3.670646450682757
3.671172093199783
3.6720079578712066
3.6729462892898685
3.674249568657296
3.6745312278949505
3.674709283179833
3.6748595947506844
3.6756484917289716
3.6758141168506815
3.676614478811856
3.677582128746509
3.677582128746509
3.679143577962931
3.679393995227924
3.680630336754058
3.6810455911751854
3.6825638326753958
3.6829748839421015
3.6846175082021735
3.6846177400994677
3.684672748041136
3.6851942747821886
3.68623611159667
3.686480730337965
3.686491811280889
3.686491811280889
3.686913303310091
3.6876760506205377
3.688049229468634
3.6881567273954112
3.689107217166523
3.689107217166523
3.689115929802758
3.689237388758617
3.689254066129481
3.6895690821932265
3.6912148553422433
3.691400026839906
3.691412384950464
3.6928250282370176
3.6928250282370176
3.693922218713754
3.694049404703548
3.694276935243012
3.6946075835590446
3.694761660591612
3.694761660591612
3.6948041445627307
3.694835466908727
3.6949958316800413
3.695014319121093
3.6953011333998584
3.6962551005251627
3.69630403149576
3.696920306076962
3.696953593765482
3.6974677170193866
3.6974677170193866
3.6993005123320866
3.6993865512722217
3.69986683946194
3.701528650157376
3.701911802245859
3.7031412822995864
3.7031687946547938
3.7034275971109616
3.704853394630894
3.706572606172798
3.7066215275411407
3.707577388100226
3.709082690615479
3.709237019251779
3.7094462513351454
3.7094875837041457
3.709658882251453
3.709658882251453
3.7100564309991415
3.7100564309991415
3.7103526032243956
3.7123585189971147
3.7123585189971147
3.7123585189971147
3.7128074929700596
3.713662790820037
3.7144528184839705
3.714752406899475
3.7149652441078405
3.7149652441078405
3.7153751586821366
3.715578992949977
3.715578992949977
3.7158182642390885
3.716747530224199
3.7172841828600367
3.7177469310495352
3.7181025869912805
3.7181025869912805
3.7182166779060872
3.718912603008174
3.718912603008174
3.7189777303157956
3.721867216686745
3.7223057063110003
3.722708513284066
3.722849163789221
3.7230658221602724
3.7234119076038508
3.723818586946198
3.7241603110808543
3.7252341644112916
3.726158236763029
3.726158236763029
3.7267166438946187
3.727141508039273
3.7271509611259472
3.728280312726592
3.7294210479544185
3.7297416522901146
3.7297416522901146
3.7299908941728366
3.7299908941728366
3.730597075334827
3.7309159236031726
3.7311814697511703
3.7315848450288907
3.7315848450288907
3.7318894481481926
3.7325323558818155
3.732560160823944
3.7328276878281788
3.733000232583629
3.733000232583629
3.733880844610775
3.734776374395906
3.7354947621863617
3.7366241526383317
3.736846959796672
3.7371638253529755
3.7379768175416554
3.7386901761719415
3.7388845578173373
3.739560071596893
3.73979965175916
3.7400397832977106
3.7405965636824505
3.741242788194854
3.7412595233396693
3.741353826830488
3.7434926600691987
3.7438647925424964
3.7443039891430265
3.7443039891430265
3.7452825522661874
3.7455670516088126
3.7459843695056727
3.7466225930961103
3.746901890126488
3.7472375809052387
3.7472408587343353
3.7472408587343353
3.748191088770995
3.7484148104283657
3.7487275441653516
3.7492893656078885
3.7497120570455356
3.7498265247664886
3.7503692943515996
3.750676328123525
3.7509424027094145
3.7509424027094145
3.751121338507631
3.7516764564635112
3.7521615459106052
3.7522132831090116
3.752294815974927
3.753160547810571
3.753854504913999
3.754526984782955
3.7546468752737
3.7547353035498854
3.755366338323565
3.755682961129652
3.755682961129652
3.756798855987961
3.756798855987961
3.756900882349459
3.7571301505687003
3.7576312324518093
3.7582214675274184
3.7586484599905767
3.7591689911031554
3.7599254990306337
3.7605578403062454
3.761197915326143
3.7612131251477936
3.7613943927507285
3.7613943927507285
3.762384123417207
3.7639347681957944
3.7640680337419625
3.7640680337419625
3.7640975884365657
3.76420099617514
3.76420099617514
3.764383628846568
3.7647143536362337
3.765012553639175
3.765423609643661
3.7656370807428767
3.7656591882925783
3.766265317239924
3.7668438356783582
3.7674245476027965
3.7676117748276754
3.767662198429829
3.7678775973532326
3.7687295733964867
3.7698147108638147
3.7706189455769534
3.770890384529581
3.7712796716555594
3.77153826832821
3.7718809802238504
3.7721317540545205
3.772220650591351
3.772220650591351
3.7724943513154217
3.772738940319385
3.7728209215471415
3.7740158971689954
3.77418458432219
3.77418458432219
3.7744734231699657
3.7754395288771154
3.776794921549706
3.7768013650903205
3.7794828607767395
3.7794828607767395
3.7796042622742627
3.7796042622742627
3.779805001855394
3.7800891997929247
3.7808193633774194
3.781018793968902
3.781021847281833
3.781443671774422
3.781443671774422
3.7816826030148163
3.781707109544062
3.7819512312285877
3.7838393152799332
3.783881103965961
3.784901614413884
3.7854399118494344
3.785878207024317
3.785878207024317
3.785899098257706
3.7864669807371705
3.7875988538971876
3.7882965079129587
3.7886567676617777
3.7886901603682177
3.7895404600335243
3.7897896071703423
3.7908381355868435
3.7912636781433933
3.7919105821728523
3.792923543587363
3.792923543587363
3.793591913677981
3.793591913677981
3.794051755947935
3.7949388794740533
3.795001621961624
3.795780023460607
3.79615452600575
3.7972708673285003
3.797565991706868
3.7980647987876845
3.7987299259659406
3.7987299259659406
3.7987299259659406
3.7987299259659406
3.7987299259659406
3.7988689758929306
3.7990902659371373
3.799336084845543
3.799359124062935
3.8004936751617002
3.8006056968480038
3.8006056968480038
3.801350869935615
3.801350869935615
3.801965337217339
3.8029120116110824
3.803195899751455
3.8035914447261017
3.8035914447261017
3.8040002815961533
3.804602863939956
3.8048645300285284
3.805077252868362
3.805077252868362
3.8054236112688433
3.8055035172372658
3.805788967303182
3.8059783123254114
3.8078229987273913
3.8078229987273913
3.808012310569242
3.808012310569242
3.8089854255366618
3.8092278166655236
3.810292459878484
3.8121365273448324
3.8121365273448324
3.812336517276943
3.812729052308046
3.8132146962486333
3.813470673612942
3.8138320007426687
3.8145850688531167
3.8149241309248136
3.815002664761339
3.8152012580688153
3.8154840735217936
3.815971560106817
3.816563649137453
3.8168747074433256
3.816896974083735
3.817400383332821
3.817502194675779
3.8178114305848587
3.8182038360291193
3.8189067838301027
3.8191689268759204
3.8192935633478475
3.8193951759100964
3.8193951759100964
3.8194349360174384
3.819567114745619
3.819567114745619
3.8201215911454756
3.8201215911454756
3.820175238024626
3.8202575558966556
3.820374171035628
3.8204866263963946
3.8204866263963946
3.820841480020008
3.821140261081372
3.8211774533446605
3.821692247566707
3.8225613578846147
3.824250765353951
3.824250765353951
3.8247007140687774
3.824728919784829
3.8251022571386546
3.8257688830756296
3.825825745136883
3.825856741664039
3.826011185403783
3.826255541775604
3.8265026136500198
3.826677884562567
3.826677884562567
3.826962324011034
3.827189719143125
3.8274859666528522
3.8275717179739637
3.8280394255793633
3.829009538956009
3.829246651913143
3.8299350708330264
3.8299350708330264
3.8301036135639985
3.830226320238711
3.830258586056939
3.8306560346795457
3.8306560346795457
3.8316969778816143
3.833411266128701
3.833411266128701
3.8347083912994346
3.8350943721818496
3.835702725016179
3.835987814796936
3.835987814796936
3.836415719036681
3.836415719036681
3.836515810853059
3.8369813482998825
3.837565803626419
3.837565803626419
3.8380424333430527
3.838134107365994
3.838523457890515
3.8389255906511432
3.8389551712576213
3.840030379095776
3.8402617972634645
3.84101691403818
3.841572328727669
3.841791020938491
3.8422349609611772
3.8423076640812814
3.8426891903578677
3.8430081044736792
3.8431648305180737
3.8442786189629583
3.8447439478413847
3.8447439478413847
3.8466805832158357
3.846831739159855
3.847447000555426
3.848191919922224
3.849407479996226
3.849565300810861
3.8496180778898212
3.8501596102872337
3.850459344377061
3.851359036834601
3.8517109867167956
3.8517475344393843
3.8520986844274847
3.8521111425707364
3.8525251107681098
3.852671061227876
3.852899730582156
3.8542263311690297
3.8550886045106263
3.855178929248211
3.855178929248211
3.855775164952129
3.855775164952129
3.856442211578861
3.856442211578861
3.856600041814036
3.8577873392202457
3.857999438652231
3.85833033398119
3.859007552184335
3.859027202891647
3.85943543390839
3.859687923057839
3.859694487454911
3.8601245448020576
3.860205482355049
3.86037858987162
3.86037858987162
3.8611953891605566
3.8613075359978097
3.861824811197278
3.8621449145294933
3.8621991200089947
3.8624954667730336
3.8632366018959186
3.8632938214593073
3.864106093621178
3.8648724800526204
3.86518510017754
3.8654850930045703
3.865860687733485
3.866096160227951
3.86609765639532
3.86609765639532
3.8661795486830792
3.8671589986124566
3.8671589986124566
3.867501630268718
3.867598663367328
3.8677254066634172
3.867814014711137
3.8680091647000197
3.86846057720621
3.8685865522271783
3.8689846575382254
3.8689846575382254
3.8691569681372338
3.8693588130709182
3.8696236257812915
3.869704049253847
3.8719558344989817
3.8719558344989817
3.872354654348917
3.8727954847266406
3.873549062290631
3.873645835331402
3.873710782454762
3.873742170400675
3.8740313881117174
3.8749175050492526
3.875068392132433
3.8763733064876766
3.8764584805246622
3.8765373744687177
3.8765373744687177
3.878806942662057
3.879139810145304
3.879503108708841
3.880262454949446
3.8805996974187837
3.880871281081601
3.8812081675031482
3.8813398343314134
3.8813665141630427
3.8813998309561213
3.8827231040203922
3.8827231040203922
3.8827231040203922
3.8827231040203922
3.884035302622377
3.8855549525283157
3.8856321839396437
3.8856321839396437
3.885748453375805
3.885943365133995
3.886309769741695
3.886309769741695
3.8863788842533036
3.888114056227874
3.8884762659506475
3.8885764454306226
3.8889127653475972
3.8914249288900686
3.8916996458936843
3.8923331321785652
3.8923331321785652
3.893197949375364
3.893345231002294
3.8934683759964464
3.8934683759964464
3.8937421906873575
3.8937421906873575
3.8937421906873575
3.893743198223951
3.8937703111928736
3.8937703111928736
3.8943864708931195
3.8943864708931195
3.8946912284007795
3.8946912284007795
3.8947598277902764
3.8951229956556963
3.896112961756829
3.8963592187719605
3.896410264610525
3.8965624443170483
3.8968072234503213
3.89688250971024
3.897536672282145
3.897618960418419
3.8978434744215655
3.8978434744215655
3.8980863248069126
3.898240330263268
3.8986993927339064
3.898997665199127
3.898997665199127
3.899080219043598
3.8994757390113297
3.899706840974219
3.8998137107522552
3.9000125441498175
3.90093026766255
3.90093026766255
3.902108713099164
3.9021094472873377
3.9021973311659948
3.902958169148431
3.903556318301392
3.903706994668248
3.904535342649126
3.905878129370724
3.9062676860384618
3.9062676860384618
3.907159833195387
3.907159833195387
3.907221287958325
3.907689252461338
3.907689252461338
3.9090912435899794
3.910177735787856
3.910177735787856
3.9104471253013036
3.910754976107312
3.9115498622509923
3.9120802628187414
3.9122405685277433
3.9122405685277433
3.912796971098245
3.913976550021552
3.914081735827192
3.9148323094481827
3.9156967257069186
3.9156967257069186
3.916272445104865
3.918342317828091
3.9188746560068415
3.9189259986837457
3.9189389967405908
3.9193043707258814
3.919852413404801
3.920279335754596
3.9208285284700324
3.9211520848834294
3.9217430041349703
3.9218830934591793
3.923737581560967
3.924122808659463
3.924122808659463
3.924706897332651
3.9260277479606223
3.926432769726791
3.9265512837162104
3.9265512837162104
3.9265512837162104
3.9266934766660615
3.927157978550225
3.927366406358896
3.9273975546230684
3.927809116658527
3.927815297145379
3.92788961817736
3.9283222059371212
3.9283759398240052
3.9285140285681988
3.9295331633937627
3.929944344830924
3.930172313199882
3.9305933046466635
3.931079203064668
3.9312001396043046
3.9312001396043046
3.9312001396043046
3.9314000169486265
3.9315823402141348
3.9341051161304597
3.9341051161304597
3.934295954637159
3.934621449225494
3.9360017066581454
3.9366089303260496
3.9374688168047784
3.939166584592764
3.939166584592764
3.9394022042574592
3.9394022042574592
3.9394428077978367
3.9397733866581026
3.939911535543435
3.9401486766851743
3.940271786088857
3.9405822899197016
3.9405822899197016
3.9405822899197016
3.9407579475386427
3.9419974250114254
3.942681468347116
3.9427326227511257
3.943425517422885
3.943906130042363
3.9444826932825787
3.9445616112574426
3.9451270036111525
3.9456799582406514
3.9465534776714404
3.9467818914597603
3.9467818914597603
3.9471109205227854
3.9472954584699975
3.9474372885505904
3.9479232336737864
3.9492887357549233
3.949373664942877
3.950205786186853
3.9504224645543116
3.9516296736032457
3.9516296736032457
3.951972454124068
3.9523697572428063
3.953308324028468
3.9533804463746742
3.9533804463746742
3.953983905570164
3.9543089906691757
3.954499066407579
3.954499066407579
3.9547739081086415
3.9547739081086415
3.9556609265721328
3.955673474410768
3.9563459928630382
3.956365073457313
3.9567667700876865
3.9572179397238387
3.9572179397238387
3.9578093870211464
3.958993468175445
3.958993468175445
3.9592829714046114
3.960648326913674
3.9611660057950155
3.961217838083979
3.961478835458834
3.961968929903484
3.96236693455181
3.962624630041414
3.962624630041414
3.962624630041414
3.962624630041414
3.962642174433156
3.962642174433156
3.962828432132136
3.96358191691306
3.9635855118192764
3.9635855118192764
3.963972200076507
3.964040309020468
3.964844150834601
3.96492509230887
3.9649905307251037
3.9658658897442822
3.96676586246985
3.9675955939753753
3.968740626411053
3.9687589771627976
3.9687589771627976
3.9698393889521513
3.9700001735233155
3.9703982562493687
3.971975960506114
3.9721028460587497
3.9732525429045826
3.973581148459797
3.973706648293192
3.974001134999534
3.9748022609391076
3.9748022609391076
3.9748874505015115
3.9753448276290873
3.9758737777953796
3.9758821685168586
3.976176182861549
3.976176182861549
3.976176182861549
3.9763056036226616
3.9764837799235044
3.976605016531274
3.9768289811403372
3.977425412686978
3.9774544295916847
3.978489394693822
3.979592570594611
3.979592570594611
3.9797048901344705
3.9802633866288146
3.9802633866288146
3.980654143195046
3.9807194675361393
3.981187412553539
3.9813518708216926
3.9822401596726547
3.9828341004212198
3.9828341004212198
3.9828341004212198
3.9828341004212198
3.9828341004212198
3.983098029126145
3.9831593497582887
3.984844477966518
3.9853543158330234
3.9859473654954702
3.986410399597342
3.9865645827803964
3.9868893854564322
3.9868927133396994
3.9875352555758385
3.9875352555758385
3.98928710517244
3.989408503434322
3.9897819540148305
3.990681844130781
3.991219819229489
3.991905061393845
3.9919708004287155
3.9920907887194397
3.9920907887194397
3.992462767854238
3.9932752520192527
3.993744959448217
3.994022829105574
3.9946789829358966
3.9957554587834614
3.9957554587834614
3.998883950166071
3.99927535065028
3.99927535065028
3.9993082357390963
3.999471159044411
3.999471159044411
3.999471159044411
3.9995761084030135
3.9995761084030135
4.000004607397557
4.000004607397557
4.000770575113603
4.00137583025197
4.001636540355506
4.001667762197555
4.002058459843958
4.002058459843958
4.002256561747288
4.002256561747289
4.003151489374572
4.003151489374572
4.003386698032513
4.004168121451808
4.004594421923395
4.004953976155679
4.004953976155679
4.0050777181364365
4.005375215250384
4.00554767689268
4.005619599767714
4.006219783664705
4.006312568459199
4.006403329148973
4.006593185923227
4.007127606793024
4.0077673941047145
4.007767394104715
4.007873817203364
4.007873817203364
4.007992023164464
4.008233223497571
4.008480101457501
4.009048607352269
4.0093518389681195
4.010040272405647
4.010179401662336
4.010442155261372
4.0108336627945524
4.0108336627945524
4.0108336627945524
4.011374221114206
4.011809039250916
4.011888371118085
4.012015112755801
4.01217176025084
4.012224514818535
4.012393299395149
4.012393299395149
4.012670089468654
4.01279558671613
4.013095473585542
4.013909932399982
4.014078559334837
4.014078559334837
4.014086278530886
4.014249173493323
4.015557487116945
4.015557487116945
4.015557487116945
4.015741952433577
4.015741952433578
4.016457436214425
4.0172170548074435
4.01749909431343
4.017826179927858
4.017826179927858
4.018261392504344
4.019299507992473
4.01969272679179
4.020498918036914
4.021352470666993
4.02170901208854
4.022591665846156
4.022591665846156
4.022591665846156
4.022591665846156
4.023421415083657
4.024206555618563
4.024402062216433
4.025017869403809
4.025361051496034
4.025832628777395
4.0258951365459685
4.0258951365459685
4.026599908893957
4.026849237040005
4.026849237040006
4.026999542268761
4.027563077563466
4.027609099802865
4.027919138322966
4.027971936462542
4.028138343039211
4.028189410635525
4.028189410635525
4.028291632163603
4.028660856350153
4.028862381319629
4.0291534033029155
4.0291534033029155
4.0291534033029155
4.0291534033029155
4.029188967025175
4.029573646942599
4.029573646942599
4.029816146496619
4.0305405954556015
4.031238500448401
4.031238500448401
4.031314219572837
4.031402884385896
4.032142871801703
4.032840901366156
4.033020166679786
4.033020166679786
4.034064295481461
4.034620740720228
4.034620740720228
4.034620740720228
4.0351451114598005
4.035251631168695
4.035251631168695
4.037565822946976
4.037724065616718
4.038100309250831
4.038295917718291
4.038295917718291
4.038737701765896
4.038775205732774
4.039189143469932
4.039759474656877
4.040192131199836
4.040192131199836
4.04129623102284
4.041637763321807
4.041691580919974
4.042248977064941
4.042248977064942
4.04244192696082
4.04244192696082
4.043499102134548
4.044247621787114
4.044711433297937
4.044711433297937
4.044711433297937
4.044776465650623
4.046026242610669
4.0460978773161935
4.046269173302487
4.046386056978078
4.046386056978078
4.0474223290894225
4.04761014300881
4.0480040112835844
4.048289949784313
4.048974803823563
4.048974803823563
4.04959922614695
4.050007995123742
4.050007995123743
4.05013194662931
4.050180590072893
4.050754963341895
4.050817243040745
4.052687225738074
4.053670520787405
4.05480572563562
4.054868015869529
4.054868015869529
4.0550727169215115
4.055141409617302
4.055463210477339
4.055648611553988
4.057185614497496
4.0572985074895795
4.057353588494177
4.057353588494177
4.059423475554286
4.060063884421632
4.060063884421632
4.0604216636135115
4.060426065672997
4.0607139043087885
4.060764698643978
4.061103357807821
4.0611998028858505
4.0611998028858505
4.0611998028858505
4.061882629376865
4.0621118336709605
4.063007723477122
4.063215717544956
4.063349582494371
4.063349582494371
4.063786052776967
4.063786052776967
4.06426015274318
4.064319503124986
4.064961246489581
4.0659161621987305
4.0659161621987305
4.066009067724819
4.066009067724819
4.066138141157636
4.066138141157637
4.06620557425117
4.066306420629405
4.06782802351604
4.06782802351604
4.067983785486143
4.068650111749845
4.068650111749845
4.069408639688489
4.06940863968849
4.0705198579672635
4.071345408636302
4.0718876982475605
4.0718876982475605
4.0721362241638674
4.072361594499512
4.072702294793946
4.072977001799664
4.072977001799665
4.072977001799665
4.073298596987648
4.073543415167926
4.073543415167926
4.073543415167926
4.073838972073359
4.073838972073359
4.073838972073359
4.073838972073359
4.074516439325595
4.074516439325595
4.075376509006627
4.076331794736063
4.0765117672524065
4.077138834254462
4.078610327419557
4.078816848077192
4.078816848077192
4.078816848077192
4.078816848077192
4.079454810863468
4.080378686715119
4.080876216701167
4.080876216701167
4.080876216701167
4.0825526402947965
4.0825526402947965
4.0825526402947965
4.083646267722398
4.083646267722398
4.084810323854457
4.084810323854457
4.084810323854457
4.085266815485392
4.086501998459489
4.0868322750322355
4.089270504719786
4.090313392288314
4.0905026628186425
4.0905026628186425
4.090974081972742
4.091205228319663
4.091812922970142
4.091812922970142
4.0928665923067715
4.0928665923067715
4.0928665923067715
4.092958144837677
4.093793006043281
4.095402031843788
4.096077372662745
4.096077372662745
4.096077372662745
4.096599973510555
4.096657430395385
4.097096275794637
4.097244452735619
4.097301656563241
4.097301656563241
4.097319276739728
4.097607867634543
4.097607867634543
4.098208920713017
4.098208920713017
4.100300092025849
4.100455615738814
4.100455615738814
4.100455615738814
4.100574142145408
4.102450970499838
4.10305497500685
4.104224701485761
4.104237192407715
4.104237192407715
4.10432156282483
4.104430978217552
4.105091702425125
4.105179521597939
4.105179521597939
4.105572138946809
4.105572138946809
4.105572138946809
4.105572138946809
4.105578688535478
4.105578688535478
4.105782790630702
4.105977369805249
4.106596585832585
4.106596585832585
4.106638814834821
4.109118641519073
4.110245975355284
4.110307664585237
4.110307664585237
4.111904818320851
4.111904818320851
4.111904818320851
4.111904818320851
4.111904818320851
4.112033932713949
4.113382207453885
4.113395011875698
4.113489912843853
4.113489912843853
4.113489912843853
4.114953152574672
4.1153578961153485
4.1161495059181075
4.118120743537995
4.118120743537995
4.1184621036961255
4.119807193230845
4.121444102244869
4.12144410224487
4.121456921567959
4.121456921567959
4.1222399177243085
4.1222399177243085
4.122923848817451
4.123661430500384
4.124599367162252
4.124599367162252
4.124724477604011
4.124897473837385
4.124897473837385
4.124897473837385
4.125698491193471
4.127330941332465
4.127791164621805
4.127911927422538
4.128275270253388
4.12835206042671
4.12835206042671
4.128925947103644
4.129761338183693
4.131441097348925
4.131792104591213
4.131981155368052
4.132189090422818
4.132189090422818
4.13223097040513
4.132636610334846
4.132815861031514
4.132944012474401
4.133507326390477
4.1340250329248835
4.134025032924884
4.134025032924884
4.134358376495526
4.134358376495526
4.134358376495526
4.135313952481793
4.135313952481793
4.135313952481793
4.136540616813287
4.136540616813287
4.1367336855265915
4.13771065509906
4.13771065509906
4.138529658686028
4.1388824086623766
4.1395312615692905
4.1395312615692905
4.140900676306216
4.141089485995767
4.141089485995767
4.141425187517427
4.141794461417228
4.144119890372991
4.144119890372991
4.145463696399117
4.145463696399117
4.145718112390929
4.14633648003841
4.146551391174369
4.147078389165009
4.148249623849318
4.148384780159861
4.1485331606245
4.149356612348473
4.149356612348473
4.15028316678752
4.151291136533849
4.15176685232972
4.151822299269279
4.154457535715315
4.154457535715315
4.155324954970762
4.155702669075085
4.158114587267511
4.158195260066793
4.158390864434284
4.159330234350269
4.16015660742879
4.16015660742879
4.1606646648645516
4.160682961202049
4.160682961202049
4.160701026385501
4.160701026385501
4.160871361096027
4.161238612341316
4.163289056542144
4.163289056542144
4.163289056542144
4.163434593958135
4.164283553100212
4.165226506217752
4.165431409688314
4.165431409688314
4.165431409688314
4.165431409688315
4.165881023102401
4.166557142841611
4.167698996314864
4.167698996314864
4.167698996314864
4.167777362813613
4.167777362813613
4.168258436812607
4.169203054349436
4.16996179358811
4.170131393096513
4.170363642196926
4.170363642196926
4.170363642196926
4.170918624180028
4.1711264409087585
4.171562611039401
4.171776599131203
4.173048319162443
4.1733964351922355
4.173656662509069
4.1767382803501025
4.177340853613279
4.178497282908752
4.178639878043636
4.178639878043636
4.179353082495577
4.180201648338178
4.180543950349109
4.180776143315079
4.181332875550162
4.181332875550162
4.1822743057283125
4.182351756971789
4.182351756971789
4.184774563406434
4.186377058743854
4.186377058743854
4.186377058743854
4.186377058743854
4.186654871136462
4.187123003187952
4.187123003187952
4.187123003187952
4.188869562981466
4.188869562981466
4.189133967171653
4.189698380402414
4.189698380402414
4.189698380402414
4.191732926477058
4.192636350456937
4.193055422091773
4.193055422091773
4.1966502067638025
4.198270233375852
4.19885305786788
4.199688429435727
4.199762205768968
4.199762205768968
4.1999388082656575
4.201708210519829
4.201708210519829
4.2018740190913375
4.2018740190913375
4.204355457793199
4.204355457793199
4.206096218839089
4.206096218839089
4.209479274711115
4.209963767027903
4.210076760760275
4.2106527637720585
4.212383099933991
4.212383099933991
4.213031210978275
4.213031210978275
4.213031210978275
4.213279517089751
4.213279517089751
4.213279517089751
4.213279517089751
4.2155489596545905
4.2155489596545905
4.215788948757651
4.215998091698758
4.215998802958442
4.215998802958442
4.215998802958442
4.215998802958442
4.217080466939098
4.217080466939098
4.217432592674403
4.2180604693932455
4.2180604693932455
4.2180604693932455
4.221053273261671
4.222107183278189
4.222107183278189
4.222107183278189
4.222107183278189
4.222107183278189
4.222304650535466
4.222304650535466
4.222304650535466
4.222611739436434
4.22355293219395
4.223863978578249
4.223863978578249
4.223863978578249
4.225315456765913
4.2256182378224025
4.226259634519357
4.226774743876219
4.226774743876219
4.226962044563735
4.228365181556413
4.230659577755399
4.230659577755399
4.230862212223822
4.231684656818333
4.231684656818333
4.231684656818333
4.232423885502848
4.232423885502848
4.232423885502848
4.232546305426156
4.232546305426156
4.234634077091643
4.235711111929513
4.243594384455536
4.244098693871047
4.24438681262802
4.24438681262802
4.24438681262802
4.2447013997121985
4.2447013997121985
4.246621909244358
4.246621909244358
4.249824339418519
4.252575080283584
4.252575080283584
4.252575080283584
4.25399355600485
4.25399355600485
4.254826043078524
4.254826043078524
4.258625627226628
4.258625627226628
4.262739999403439
4.264417925801713
4.264417925801713
4.265936670087195
4.265936670087195
4.265936670087195
4.266677949946774
4.266677949946774
4.266677949946774
4.267545357399116
4.267545357399116
4.267756902275422
4.269369378308451
4.2700529925646675
4.2710185569605645
4.274150615632285
4.275941173883149
4.280160086144008
4.280551697476202
4.280551697476202
4.2806241655293285
4.283228618588558
4.28599493299192
4.287829695205895
4.287829695205895
4.287829695205895
4.2880009165749575
4.2880009165749575
4.2880009165749575
4.295181366652511
4.299034436677698
4.299034436677698
4.299034436677698
4.300078882349538
4.300078882349538
4.300078882349538
4.3009610704988885
4.3009610704988885
4.3009610704988885
4.303913545609153
4.304239938292102
4.3065905124854895
4.308230981399789
4.310541426557235
4.311530047311544
4.312225478172294
4.314339217109136
4.314378895507187
4.314592951393546
4.314592951393546
4.31569293949735
4.316441517777643
4.319801146419684
4.320094047971434
4.320094047971434
4.320094047971434
4.321349435178471
4.321349435178471
4.321349435178471
4.321349435178471
4.322413326419725
4.322413326419725
4.323798782043801
4.323798782043801
4.325696999885371
4.327003223937531
4.327003223937531
4.329121594382726
4.331619960699688
4.332486757728725
4.333128547375226
4.333128547375226
4.333128547375226
4.333538759062249
4.333538759062249
4.333538759062249
4.335427071175053
4.335427071175053
4.336954193168019
4.336954193168019
4.336954193168019
4.336954193168019
4.338094234816067
4.34329596132068
4.34329596132068
4.34329596132068
4.350166954642387
4.3514257664328495
4.356391792436416
4.356391792436416
4.356391792436416
4.356391792436416
4.356391792436416
4.358634144873228
4.361134141814043
4.361134141814043
4.361134141814043
4.362985143831825
4.362985143831825
4.365208941215327
4.366910287952696
4.368415630549869
4.368415630549869
4.368415630549869
4.371930384320891
4.371930384320891
4.378086827348953
4.378086827348953
4.378086827348953
4.378086827348953
4.378086827348953
4.386656570904028
4.386656570904028
4.402898945875092
4.415702984455306
4.420450010574372
4.420450010574372
4.420450010574372
4.42139368893734
4.42139368893734
4.42139368893734
4.42139368893734
4.43636569910851
4.438444706562743
4.438444706562743
4.438444706562743
4.438444706562743
4.449679731383396
4.461054158446137
4.461054158446137
